31 150 1674 7 31532-31772-32012-32252-32492-32732-32972-33206
31 105 0626 3 20930-21026-21266-21556
31 125 0554 3 25447-25525-25765-26001
31 001 0552 2 0-264-552
31 078 0528 3 16168-16246-16486-16696
31 072 0494 3 14822-14906-15146-15316
31 149 0483 2 31049-31292-31532
31 110 0468 2 22271-22571-22739
31 152 0456 3 33344-33428-33668-33800
31 026 0451 2 5686-5995-6137
31 007 0439 3 1927-2029-2269-2366
31 048 0438 3 10070-10166-10406-10508
31 057 0422 2 11758-12063-12180
31 113 0414 2 23258-23498-23672
31 148 0407 2 30642-30882-31049
31 003 0402 3 827-911-1151-1229
31 071 0391 2 14431-14671-14822
31 035 0386 2 7471-7765-7857
31 137 0371 2 28405-28502-28776
31 112 0369 2 22889-23129-23258
31 013 0357 2 3258-3498-3615
31 132 0324 2 26990-27089-27314
31 062 0308 2 12803-12910-13111
31 143 0307 2 29732-29828-30039
31 028 0303 2 6304-6398-6607

32 180 0720 3 32994-33234-33474-33714
32 089 0610 3 16022-16262-16502-16632
32 056 0483 2 9898-10175-10381
32 178 0482 2 32032-32274-32514
32 179 0480 2 32514-32754-32994
32 169 0467 2 30253-30493-30720
32 113 0440 2 20372-20683-20812
32 004 0414 2 517-757-931
32 063 0380 2 11483-11723-11863
32 027 0375 2 4964-5204-5339
32 014 0357 2 2394-2634-2751
32 102 0304 2 18590-18693-18894
32 080 0303 2 14534-14639-14837

33 159 0960 4 32755-32995-33235-33475-33715
33 157 0482 2 32033-32275-32515
33 093 0477 2 18393-18633-18870
33 160 0476 2 33715-33955-34191
33 135 0474 2 27507-27747-27981
33 084 0433 2 16215-16526-16648
33 096 0417 2 19187-19427-19604
33 002 0415 2 168-408-583
33 068 0384 2 12937-13041-13321
33 131 0374 2 26620-26860-26994
33 107 0374 2 21574-21675-21948
33 089 0373 2 17355-17595-17728
33 129 0372 2 25948-26188-26320
33 091 0366 2 17848-18088-18214
33 023 0357 2 4193-4433-4550
33 045 0351 2 8418-8505-8769
33 138 0348 2 28253-28493-28601
33 099 0345 2 19943-20183-20288
33 011 0342 2 1791-2031-2133
33 058 0340 2 10754-10994-11094

34 157 2208 9 31984-32274-32514-32754-32994-33234-33474-33714-33954-34192
34 120 0592 3 23932-24208-24448-24524
34 038 0566 3 7349-7435-7675-7915
34 119 0565 2 23367-23647-23932
34 113 0558 3 21722-21800-22040-22280
34 056 0558 3 10528-10618-10858-11086
34 004 0480 2 714-954-1194
34 065 0461 2 12860-13100-13321
34 028 0437 3 5519-5604-5844-5956
34 142 0436 2 28529-28769-28965
34 061 0414 2 11898-12138-12312
34 002 0410 2 161-401-571
34 111 0408 2 21206-21446-21614
34 026 0381 2 5005-5245-5386
34 010 0357 2 2132-2372-2489
34 053 0324 2 9866-10106-10190

35 171 0956 4 33234-33474-33714-33954-34190
35 170 0720 3 32514-32754-32994-33234
35 059 0692 4 10481-10586-10826-11066-11173
35 169 0482 2 32032-32274-32514
35 162 0440 3 30093-30198-30438-30533
35 039 0432 2 6107-6347-6539
35 112 0379 2 20592-20871-20971
35 080 0363 2 14409-14649-14772
35 029 0357 2 4409-4649-4766
35 166 0354 2 31342-31582-31696
35 017 0354 2 2402-2642-2756

36 156 1442 6 30329-30571-30811-31051-31291-31531-31771
36 157 0717 3 31771-32011-32251-32488
36 162 0714 3 33282-33522-33762-33996
36 095 0557 3 18618-18858-19098-19175
36 036 0522 2 6705-6999-7227
36 046 0519 3 8942-9020-9260-9461
36 147 0446 3 28470-28565-28805-28916
36 011 0423 2 1602-1869-2025
36 060 0422 2 11618-11858-12040
36 114 0420 3 22520-22604-22844-22940
36 039 0405 2 7533-7773-7938
36 062 0393 2 12279-12519-12672
36 148 0390 2 28916-29192-29306
36 018 0357 2 3162-3402-3519
36 096 0353 2 19175-19415-19528
36 145 0336 2 27923-28019-28259
36 032 0317 2 5684-5785-6001

37 179 1442 6 32032-32274-32514-32754-32994-33234-33474
37 180 0718 3 33474-33714-33954-34192
37 156 0621 3 27815-28055-28295-28436
37 155 0496 3 27319-27391-27631-27815
37 061 0461 2 10039-10339-10500
37 078 0427 3 13097-13175-13415-13524
37 130 0417 2 22433-22673-22850
37 133 0383 2 23289-23529-23672
37 034 0372 2 5415-5655-5787
37 124 0369 2 21164-21236-21533
37 086 0366 2 14535-14775-14901
37 088 0360 2 15048-15144-15408
37 023 0357 2 3498-3738-3855
37 035 0327 2 5787-5874-6114

38 178 1278 6 31953-32031-32271-32511-32751-32991-33231
38 180 0720 3 33471-33711-33951-34191
38 033 0540 2 5768-6008-6308
38 107 0528 3 19396-19486-19726-19924
38 058 0461 2 10177-10417-10638
38 075 0450 3 13955-14045-14285-14405
38 073 0393 3 13247-13328-13568-13640
38 154 0366 2 27408-27690-27774
38 021 0357 2 3378-3618-3735
38 031 0344 2 5263-5368-5607
38 063 0344 2 11321-11425-11665

39 113 0774 4 22685-22781-23021-23261-23459
39 168 0720 3 32515-32755-32995-33235
39 102 0645 3 19946-20186-20426-20591
39 057 0488 3 10840-10933-11173-11328
39 167 0482 2 32033-32275-32515
39 169 0480 2 33235-33475-33715
39 170 0478 2 33715-33955-34193
39 071 0454 2 14153-14393-14607
39 007 0450 3 1109-1214-1454-1559
39 076 0414 3 15328-15400-15665-15742
39 051 0393 2 9204-9512-9597
39 070 0389 2 13764-14043-14153
39 128 0371 2 25839-26079-26210
39 030 0357 2 5319-5559-5676
39 053 0353 2 9708-9948-10061
39 123 0351 2 24907-25147-25258
39 006 0316 2 793-870-1109

40 173 1290 6 31945-32035-32275-32515-32755-32995-33235
40 174 0720 3 33235-33475-33715-33955
40 069 0692 4 12041-12113-12353-12593-12733
40 133 0494 2 24615-24887-25109
40 134 0467 2 25109-25349-25576
40 125 0435 3 22778-22871-23111-23213
40 121 0411 2 21824-22064-22235
40 001 0404 2 0-264-404
40 068 0381 2 11660-11948-12041
40 008 0357 2 1532-1772-1889
40 085 0332 2 15079-15319-15411
