11 058 0668 3 10180-10456-10696-10848
11 120 0588 3 21706-21946-22186-22294
11 182 0480 2 33444-33684-33924
11 144 0475 2 26414-26654-26889
11 047 0462 3 7627-7702-7942-8089
11 053 0411 2 8998-9238-9409
11 119 0399 2 21307-21547-21706
11 088 0359 2 15668-15908-16027
11 104 0348 2 18635-18875-18983
11 175 0334 2 31670-31766-32004
11 139 0329 2 25441-25681-25770
11 038 0328 2 6089-6177-6417
11 092 0324 2 16490-16730-16814

12 157 1918 8 32277-32517-32757-32997-33237-33477-33717-33957-34195
12 081 0897 4 17332-17633-17873-18113-18229
12 064 0838 4 12023-12104-12344-12584-12861
12 071 0651 3 14286-14526-14766-14937
12 063 0481 3 11542-11636-11876-12023
12 099 0437 2 21491-21731-21928
12 068 0435 2 13395-13635-13830
12 049 0432 2 7878-8118-8310
12 135 0428 2 28030-28270-28458
12 057 0405 2 9606-9846-10011
12 062 0398 3 11144-11223-11463-11542
12 080 0369 2 16963-17068-17332
12 059 0363 2 10167-10407-10530
12 155 0355 2 31680-31920-32035
12 115 0345 2 24558-24798-24903
12 060 0338 2 10530-10770-10868
12 079 0336 2 16627-16723-16963

13 163 0984 4 32024-32288-32528-32768-33008
13 154 0705 3 29141-29381-29621-29846
13 157 0581 3 30217-30457-30697-30798
13 094 0489 3 17292-17376-17616-17781
13 165 0480 2 33248-33488-33728
13 166 0466 2 33728-33968-34194
13 160 0437 2 31108-31383-31545
13 056 0408 2 9752-9992-10160
13 087 0399 2 15768-16008-16167
13 161 0371 2 31545-31785-31916
13 152 0360 2 28612-28852-28972
13 104 0360 2 19723-19963-20083
13 095 0360 2 17781-18021-18141
13 070 0336 2 12763-12859-13099
13 067 0336 2 12157-12397-12493
13 015 0328 2 2326-2414-2654
13 022 0308 2 3525-3626-3833

14 114 1053 5 21972-22068-22308-22548-22788-23025
14 135 0796 4 27040-27280-27520-27760-27836
14 153 0702 3 30737-30977-31217-31439
14 130 0594 2 25231-25522-25825
14 091 0582 3 16975-17215-17455-17557
14 110 0580 3 20936-21036-21276-21516
14 134 0573 2 26467-26767-27040
14 156 0480 2 31959-32199-32439
14 043 0468 2 7738-8038-8206
14 062 0430 3 11035-11132-11372-11465
14 066 0402 2 12082-12322-12484
14 059 0384 2 10373-10640-10757
14 009 0330 2 1429-1669-1759

15 041 0730 4 7580-7664-7904-8144-8310
15 047 0600 3 9075-9315-9555-9675
15 027 0480 2 4509-4749-4989
15 179 0480 2 33234-33474-33714
15 009 0464 3 1339-1432-1672-1803
15 159 0411 2 29187-29427-29598
15 108 0366 2 21191-21431-21557
15 086 0357 2 16995-17235-17352
15 079 0335 2 15515-15616-15850
15 168 0318 2 30744-30828-31062

16 162 1286 6 31421-31507-31747-31987-32227-32467-32707
16 116 1058 5 22161-22401-22641-22881-23121-23219
16 163 0720 3 32707-32947-33187-33427
16 026 0540 3 4233-4326-4566-4773
16 038 0501 3 7061-7143-7383-7562
16 125 0462 3 24457-24559-24799-24919
16 057 0453 3 10884-10965-11205-11337
16 064 0429 3 12824-12918-13158-13253
16 132 0401 2 25876-26116-26277
16 043 0378 2 8166-8406-8544
16 035 0357 2 6299-6569-6656
16 003 0352 2 298-538-650
16 077 0348 2 15526-15766-15874
16 023 0336 2 3645-3885-3981
16 059 0327 2 11538-11625-11865
16 027 0324 2 4773-5013-5097

17 142 0510 2 26964-27234-27474
17 165 0480 2 33234-33474-33714
17 163 0480 2 32514-32754-32994
17 162 0480 2 32034-32274-32514
17 044 0465 2 7747-8017-8212
17 117 0456 3 21287-21380-21620-21743
17 069 0438 2 12331-12571-12769
17 125 0434 2 23300-23540-23734
17 157 0427 2 30662-30902-31089
17 160 0426 2 31368-31608-31794
17 023 0422 3 3775-3859-4099-4197
17 072 0393 2 13037-13120-13430
17 143 0389 2 27474-27714-27863
17 124 0387 2 22913-22991-23300
17 138 0376 2 26095-26383-26471
17 110 0366 2 19903-19993-20269
17 130 0363 2 24388-24628-24751
17 064 0363 2 11368-11608-11731
17 042 0339 2 7285-7525-7624
17 074 0339 2 13580-13820-13919
17 031 0330 2 5478-5718-5808
17 156 0318 2 30344-30434-30662

18 162 1440 6 32515-32755-32995-33235-33475-33715-33955
18 075 0666 4 14698-14788-15028-15268-15364
18 155 0599 3 30710-30950-31190-31309
18 062 0539 2 11515-11755-12054
18 043 0525 2 7593-7833-8118
18 113 0516 2 23033-23315-23549
18 161 0482 2 32033-32275-32515
18 109 0480 2 21816-22056-22296
18 031 0453 2 4815-5055-5268
18 035 0412 3 6027-6115-6355-6439
18 033 0393 2 5490-5730-5883
18 150 0378 2 29795-30035-30173
18 112 0375 2 22658-22898-23033
18 080 0372 2 16222-16462-16594
18 067 0372 2 12675-12915-13047
18 055 0361 2 9990-10230-10351
18 084 0330 2 17159-17253-17489
18 058 0317 2 10752-10845-11069

19 171 1200 5 32515-32755-32995-33235-33475-33715
19 116 0657 3 21160-21259-21499-21817
19 114 0657 3 20335-20575-20815-20992
19 098 0549 3 16953-17027-17267-17502
19 159 0540 2 30047-30287-30587
19 078 0487 3 12962-13046-13286-13449
19 126 0445 2 23984-24224-24429
19 123 0401 2 23035-23275-23436
19 125 0366 2 23618-23702-23984
19 017 0363 2 2889-3129-3252
19 112 0336 2 19881-20121-20217
19 117 0324 2 21817-21911-22141
19 051 0317 2 8370-8456-8687
19 101 0313 2 17782-17880-18095
19 006 0306 2 787-881-1093

20 148 0771 3 26820-27060-27300-27591
20 044 0678 4 7445-7550-7790-8030-8123
20 144 0624 3 25644-25884-26124-26268
20 002 0519 2 151-391-670
20 180 0480 2 33423-33663-33903
20 045 0434 3 8123-8195-8435-8557
20 113 0432 2 18799-19039-19231
20 034 0392 2 5398-5638-5790
20 135 0392 2 23374-23614-23766
20 132 0380 2 22543-22783-22923
20 141 0360 2 24737-24977-25097
20 143 0356 2 25288-25528-25644
20 099 0350 2 16431-16671-16781
20 155 0347 2 28482-28722-28829
20 179 0341 2 33082-33183-33423
20 125 0330 2 21376-21481-21706
20 136 0324 2 23766-24006-24090
