21 188 1200 5 32754-32994-33234-33474-33714-33954
21 121 0408 3 20573-20651-20891-20981
21 156 0398 2 26817-27057-27215
21 099 0367 2 16516-16756-16883
21 060 0360 2 9096-9183-9456
21 108 0343 2 18222-18465-18565
21 067 0342 2 10687-10927-11029
21 130 0327 2 22135-22225-22462
21 017 0314 2 2281-2383-2595

22 187 1438 6 32754-32994-33234-33474-33714-33954-34192
22 185 0482 2 32032-32274-32514
22 027 0436 2 4553-4793-4989
22 139 0413 2 23893-24172-24306
22 126 0405 2 21672-21912-22077
22 023 0393 2 3589-3673-3982
22 098 0344 2 17009-17249-17353
22 055 0330 2 9185-9425-9515

23 171 0960 4 32033-32273-32513-32751-32993
23 174 0722 3 33473-33713-33953-34195
23 099 0539 2 19146-19386-19685
23 023 0533 2 4287-4527-4820
23 125 0447 2 23820-24094-24267
23 168 0441 3 31244-31316-31556-31685
23 012 0440 2 2359-2599-2799
23 081 0408 2 15466-15769-15874
23 010 0397 2 1833-2142-2230
23 051 0388 2 9605-9845-9993
23 003 0384 2 264-504-648
23 083 0375 2 15993-16236-16368
23 049 0363 2 9129-9219-9492
23 165 0362 2 30513-30753-30875
23 068 0344 2 13044-13284-13388
23 044 0314 2 8021-8105-8335
23 076 0311 2 14465-14543-14776

24 165 2160 9 32032-32274-32514-32754-32994-33234-33474-33714-33954-34192
24 090 0627 3 16931-17171-17411-17558
24 033 0535 2 6033-6273-6568
24 125 0450 2 24203-24443-24653
24 088 0410 2 16409-16649-16819
24 024 0403 2 3956-4059-4359
24 092 0382 2 17693-17996-18075
24 038 0363 2 7357-7642-7720
24 025 0356 2 4359-4599-4715
24 058 0355 2 11093-11333-11448
24 086 0345 2 15944-16184-16289
24 036 0342 2 6904-7144-7246
24 132 0336 2 25898-26138-26234
24 158 0334 2 30692-30932-31026
24 154 0327 2 29989-30229-30316

25 002 0689 3 153-393-633-842
25 031 0637 3 5337-5577-5817-5974
25 181 0480 2 32511-32751-32991
25 180 0480 2 32031-32271-32511
25 055 0461 2 10268-10508-10729
25 059 0444 2 11265-11505-11709
25 039 0436 3 7127-7211-7451-7563
25 074 0398 3 14952-15036-15276-15350
25 066 0393 2 13123-13363-13516
25 077 0372 2 15595-15835-15967
25 043 0367 2 8093-8333-8460
25 065 0355 2 12768-13008-13123
25 054 0329 2 9939-10031-10268
25 170 0325 2 29968-30070-30293
25 063 0324 2 12248-12352-12572
25 101 0323 2 19601-19684-19924

26 159 0960 4 32274-32514-32754-32994-33234
26 160 0956 4 33234-33474-33714-33954-34190
26 136 0687 4 26491-26569-26809-27049-27178
26 078 0558 3 15436-15525-15765-15994
26 060 0543 2 11878-12118-12421
26 105 0526 2 20343-20583-20869
26 008 0522 2 1563-1803-2085
26 034 0473 2 6392-6632-6865
26 114 0415 2 22473-22777-22888
26 138 0405 2 27334-27429-27739
26 144 0394 2 28968-29208-29362
26 047 0379 2 9389-9629-9768
26 045 0373 2 8877-9117-9250
26 003 0369 2 358-447-727
26 049 0352 2 9947-10187-10299
26 006 0348 2 1102-1342-1450
26 009 0343 2 2085-2325-2428
26 156 0332 2 31400-31640-31732
26 012 0312 2 2767-2863-3079

27 165 0720 3 31939-32179-32419-32659
27 049 0510 2 8825-9065-9335
27 111 0485 2 22039-22330-22524
27 163 0482 2 31217-31459-31699
27 167 0475 2 32899-33139-33374
27 098 0451 3 18135-18242-18482-18586
27 093 0436 2 16921-17161-17357
27 109 0402 2 21382-21622-21784
27 102 0393 3 19481-19553-19793-19874
27 104 0388 2 20072-20162-20460
27 101 0384 2 19097-19337-19481
27 169 0383 2 33497-33737-33880
27 112 0379 2 22524-22626-22903
27 119 0378 2 23941-24181-24319
27 019 0357 2 3402-3642-3759
27 064 0350 2 11680-11920-12030
27 100 0349 2 18748-18988-19097
27 045 0344 2 7755-7995-8099
27 004 0339 2 529-628-868

28 157 0962 4 32032-32274-32514-32754-32994
28 002 0817 4 245-485-725-965-1062
28 003 0567 3 1062-1302-1542-1629
28 024 0561 3 5419-5659-5899-5980
28 136 0555 3 28122-28362-28602-28677
28 031 0538 2 7141-7381-7679
28 088 0492 3 18850-18955-19195-19342
28 158 0480 2 32994-33234-33474
28 037 0477 2 8546-8786-9023
28 040 0462 2 9668-9978-10130
28 005 0453 2 1842-2082-2295
28 041 0440 2 10130-10426-10570
28 113 0417 2 23819-24113-24236
28 087 0413 3 18437-18520-18760-18850
28 109 0396 2 22758-22854-23154
28 015 0357 2 3857-4097-4214
28 044 0329 2 10879-11119-11208
28 038 0324 2 9023-9263-9347

29 106 0816 4 22335-22575-22815-23055-23151
29 143 0720 3 32515-32755-32995-33235
29 032 0696 4 5879-5962-6202-6442-6575
29 117 0622 3 25363-25603-25843-25985
29 076 0619 3 16286-16526-16766-16905
29 043 0616 3 9227-9497-9737-9843
29 111 0613 3 23870-24110-24350-24483
29 051 0580 3 11700-11940-12180-12280
29 119 0533 3 26194-26266-26506-26727
29 034 0508 3 6735-6817-7057-7243
29 041 0497 2 8467-8749-8964
29 142 0482 2 32033-32275-32515
29 146 0476 2 33715-33955-34191
29 120 0467 3 26727-26821-27061-27194
29 092 0436 3 19767-19874-20114-20203
29 050 0420 2 11280-11520-11700
29 121 0416 3 27194-27287-27527-27610
29 003 0415 3 377-468-708-792
29 135 0414 3 30471-30564-30804-30885
29 008 0390 2 1462-1557-1852
29 140 0378 2 31451-31691-31829
29 036 0365 2 7458-7698-7823
29 014 0357 2 2682-2922-3039
29 078 0332 2 17067-17307-17399
29 045 0329 2 10116-10356-10445
29 046 0323 2 10445-10542-10768

30 172 0581 3 31805-32045-32285-32386
30 174 0548 2 32752-33036-33300
30 060 0485 3 11911-11994-12234-12396
30 061 0461 3 12396-12494-12734-12857
30 003 0455 3 256-336-576-711
30 053 0402 2 10471-10570-10873
30 173 0366 2 32386-32626-32752
30 094 0360 2 18303-18384-18663
30 019 0357 2 3785-4025-4142
30 119 0351 2 22725-22965-23076
30 151 0341 2 28037-28277-28378
30 014 0327 2 2742-2982-3069
30 178 0324 2 33865-34105-34189
30 160 0324 2 29839-29935-30163
