01 190 0720 3 32527-32767-33007-33247
01 053 0496 2 9227-9538-9723
01 049 0441 2 8244-8552-8685
01 029 0441 2 4636-4876-5077
01 149 0430 3 25575-25658-25898-26005
01 137 0416 3 23377-23476-23716-23793
01 138 0408 2 23793-24033-24201
01 129 0392 2 21771-22011-22163
01 195 0338 2 34073-34171-34411
01 192 0336 2 33485-33725-33821
01 015 0309 2 2111-2192-2420

02 164 2244 10 31938-32037-32277-32517-32757-32997-33237-33477-33717-33957-34182
02 082 0612 3 16362-16434-16674-16974
02 047 0591 2 8178-8475-8769
02 048 0567 3 8769-9009-9249-9336
02 067 0510 2 12836-13145-13346
02 010 0496 3 1359-1448-1688-1855
02 066 0477 2 12359-12635-12836
02 068 0447 2 13346-13586-13793
02 160 0444 2 31062-31302-31506
02 095 0408 2 19050-19290-19458
02 038 0394 3 6342-6414-6654-6736
02 074 0378 2 14587-14875-14965
02 140 0367 2 27340-27634-27707
02 102 0360 2 20467-20707-20827
02 033 0328 2 5443-5531-5771

03 174 1920 8 32037-32277-32517-32757-32997-33237-33477-33717-33957
03 010 0552 2 1468-1738-2020
03 021 0445 3 4028-4127-4367-4473
03 171 0431 2 31195-31435-31626
03 112 0429 2 20999-21239-21428
03 168 0390 3 30529-30607-30847-30919
03 094 0383 2 17663-17765-18046
03 059 0382 2 10915-11021-11297
03 162 0377 2 29355-29595-29732
03 080 0351 2 15071-15311-15422
03 007 0337 2 891-1131-1228
03 065 0324 2 12264-12348-12588
03 092 0310 2 17204-17306-17514
03 158 0303 2 28506-28608-28809

04 152 0960 4 32754-32994-33234-33474-33714
04 034 0930 4 7427-7667-7907-8147-8357
04 053 0684 3 12571-12811-13051-13255
04 003 0665 3 629-869-1109-1294
04 045 0635 3 10506-10746-10986-11141
04 084 0537 2 19789-20029-20326
04 150 0526 2 31988-32274-32514
04 081 0486 2 18931-19237-19417
04 153 0478 2 33714-33954-34192
04 037 0469 2 8614-8854-9083
04 139 0450 3 29516-29612-29852-29966
04 002 0449 3 180-252-492-629
04 024 0419 3 5001-5083-5323-5420
04 073 0417 2 16850-17126-17267
04 061 0369 2 14606-14846-14975
04 145 0330 2 30935-31031-31265
04 018 0328 2 3860-3948-4188
04 038 0327 2 9083-9323-9410
04 026 0324 2 5726-5966-6050
04 004 0324 2 1294-1534-1618
04 027 0320 2 6050-6151-6370
04 140 0312 2 29966-30050-30278
04 078 0312 2 18043-18127-18355

05 171 2159 9 32032-32274-32514-32754-32994-33234-33474-33714-33954-34191
05 141 0948 5 25371-25459-25699-25939-26179-26319
05 139 0439 3 24567-24663-24903-25006
05 170 0417 2 31615-31855-32032
05 037 0395 2 6100-6340-6495
05 155 0395 2 28652-28750-29047
05 109 0392 2 18867-19161-19259
05 115 0382 2 20348-20588-20730
05 043 0378 2 7396-7688-7774
05 052 0377 2 9292-9579-9669
05 140 0365 2 25006-25246-25371
05 048 0348 2 8489-8729-8837
05 122 0314 2 21720-21827-22034
05 169 0312 2 31303-31393-31615
05 017 0303 2 2412-2502-2715

06 168 2233 9 31959-32239-32479-32719-32959-33199-33439-33679-33919-34192
06 063 0899 4 11933-12173-12413-12653-12832
06 027 0475 3 4306-4391-4631-4781
06 155 0456 3 29104-29188-29428-29560
06 148 0452 2 27676-27978-28128
06 056 0427 3 10046-10138-10378-10473
06 162 0422 3 30805-30887-31127-31227
06 057 0402 2 10473-10713-10875
06 084 0384 2 16173-16413-16557
06 157 0336 2 29674-29770-30010
06 060 0335 2 11250-11490-11585
06 088 0324 2 17046-17146-17370
06 041 0320 2 7203-7283-7523

07 161 0720 3 32031-32271-32511-32751
07 037 0623 3 6854-7155-7395-7477
07 146 0615 3 27861-28101-28341-28476
07 157 0591 2 30412-30714-31003
07 119 0447 2 22814-23054-23261
07 009 0443 3 1599-1683-1923-2042
07 102 0441 2 19400-19640-19841
07 158 0423 2 31003-31243-31426
07 076 0400 2 14662-14759-15062
07 046 0394 2 9252-9492-9646
07 089 0381 2 17103-17403-17484
07 026 0369 2 4819-4891-5188
07 122 0352 2 23561-23801-23913
07 041 0346 2 8078-8184-8424
07 159 0345 2 31426-31531-31771
07 070 0327 2 13523-13612-13850
07 045 0301 2 8951-9042-9252

08 154 2160 9 32035-32277-32517-32757-32997-33237-33477-33717-33957-34195
08 121 0864 4 24543-24783-25023-25263-25407
08 037 0720 3 6359-6599-6839-7079
08 055 0569 2 10402-10672-10971
08 152 0543 2 31281-31590-31824
08 100 0519 2 19745-19985-20264
08 118 0513 2 23517-23790-24030
08 085 0444 3 16538-16634-16874-16982
08 143 0403 3 29108-29199-29439-29511
08 144 0390 2 29511-29613-29901
08 071 0380 2 13367-13642-13747
08 027 0379 2 4447-4687-4826
08 151 0363 2 30918-31194-31281
08 050 0357 2 9145-9385-9502
08 081 0351 2 15512-15752-15863
08 087 0333 2 17150-17390-17483
08 053 0326 2 9803-9889-10129

09 079 1259 5 16721-16961-17201-17441-17681-17980
09 077 0827 4 15684-15791-16031-16271-16511
09 120 0702 4 26143-26245-26485-26725-26845
09 040 0628 3 7258-7354-7594-7886
09 058 0557 3 11858-12098-12338-12415
09 006 0522 2 816-1056-1338
09 148 0480 2 32504-32744-32984
09 135 0480 2 30019-30259-30499
09 047 0477 2 9065-9305-9542
09 115 0465 3 24540-24645-24885-25005
09 059 0421 2 12415-12655-12836
09 089 0379 2 19629-19725-20008
09 119 0376 2 25767-26007-26143
09 041 0347 2 7886-8126-8233
09 084 0347 2 18578-18818-18925
09 029 0345 2 5323-5563-5668
09 054 0329 2 10773-11013-11102
09 019 0328 2 3476-3564-3804
09 046 0326 2 8739-8979-9065
09 069 0322 2 14119-14213-14441
09 129 0319 2 28422-28501-28741
09 049 0300 2 9710-9806-10010

10 172 1440 6 32754-32994-33234-33474-33714-33954-34194
10 171 0812 4 31942-32034-32274-32514-32754
10 092 0562 3 18051-18150-18390-18613
10 045 0471 2 8376-8664-8847
10 035 0461 2 6290-6590-6751
10 037 0459 2 6877-7117-7336
10 097 0432 2 19279-19555-19711
10 088 0410 2 17133-17421-17543
10 012 0388 2 2084-2180-2472
10 152 0366 2 28384-28624-28750
10 053 0360 2 10333-10573-10693
10 056 0351 2 11113-11353-11464
10 070 0341 2 13949-14189-14290
10 048 0339 2 9215-9455-9554
10 086 0339 2 16635-16734-16974
10 150 0338 2 27934-28174-28272
10 007 0329 2 1191-1291-1520
10 025 0328 2 4412-4500-4740
10 137 0312 2 25749-25851-26061
