41 174 1442 6 32032-32274-32514-32754-32994-33234-33474
41 057 0585 3 10321-10561-10801-10906
41 176 0478 2 33714-33954-34192
41 064 0447 2 11992-12232-12439
41 167 0420 2 30445-30685-30865
41 144 0379 2 26380-26457-26759
41 056 0374 2 9947-10187-10321
41 074 0368 2 13856-14096-14224
41 125 0356 2 23143-23383-23499
41 173 0336 2 31696-31936-32032
41 142 0307 2 25943-26048-26250

42 145 0962 4 32032-32274-32514-32754-32994
42 049 0855 4 10438-10678-10918-11158-11293
42 006 0803 4 869-1109-1349-1589-1672
42 135 0802 3 28980-29247-29487-29782
42 066 0657 3 14013-14299-14539-14670
42 013 0635 4 3154-3233-3473-3713-3789
42 134 0587 3 28393-28633-28873-28980
42 095 0520 2 19944-20184-20464
42 102 0508 2 21911-22151-22419
42 147 0480 2 33234-33474-33714
42 148 0478 2 33714-33954-34192
42 129 0438 2 27138-27378-27576
42 070 0411 2 15098-15338-15509
42 136 0405 2 29782-30082-30187
42 072 0390 2 15629-15911-16019
42 010 0387 2 2331-2571-2718
42 096 0374 2 20464-20704-20838
42 110 0372 2 23646-23886-24018
42 052 0367 2 11692-11932-12059
42 099 0342 2 21133-21373-21475
42 031 0340 2 7235-7475-7575
42 028 0334 2 6533-6773-6867
42 144 0332 2 31700-31804-32032
42 137 0331 2 30187-30427-30518
42 093 0317 2 19504-19600-19821

43 159 1202 5 32033-32275-32515-32755-32995-33235
43 085 0598 2 16022-16322-16620
43 030 0483 3 5092-5179-5419-5575
43 130 0471 2 26226-26514-26697
43 084 0447 2 15575-15815-16022
43 050 0423 2 8974-9214-9397
43 148 0408 2 29732-29972-30140
43 118 0398 2 23384-23691-23782
43 147 0386 3 29346-29418-29658-29732
43 073 0384 3 13404-13476-13716-13788
43 068 0384 2 12210-12450-12594
43 098 0376 2 19323-19563-19699
43 123 0369 2 24638-24878-25007
43 113 0362 2 22448-22688-22810
43 089 0351 2 17363-17603-17714
43 101 0342 2 20089-20329-20431
43 076 0336 2 14102-14342-14438
43 135 0335 2 27301-27541-27636
43 056 0321 2 10179-10285-10500
43 127 0312 2 25587-25662-25899

44 161 0720 3 33231-33471-33711-33951
44 158 0720 3 32031-32271-32511-32751
44 100 0700 4 19911-19995-20235-20475-20611
44 074 0657 3 14531-14771-15011-15188
44 151 0640 4 30605-30689-30929-31169-31245
44 113 0590 3 22746-22829-23069-23336
44 024 0572 2 4531-4819-5103
44 120 0475 2 24516-24756-24991
44 057 0460 2 11014-11254-11474
44 072 0451 2 13876-14116-14327
44 128 0441 2 26277-26565-26718
44 033 0440 3 6822-6896-7136-7262
44 124 0416 2 25400-25640-25816
44 025 0375 2 5103-5343-5478
44 084 0366 2 16866-17106-17232
44 131 0353 2 27096-27336-27449
44 052 0342 2 10074-10314-10416
44 114 0324 2 23336-23432-23660

45 152 0962 4 32032-32274-32514-32754-32994
45 110 0796 4 22018-22258-22498-22738-22814
45 092 0684 3 17402-17642-17882-18086
45 062 0627 3 11322-11562-11802-11949
45 042 0508 2 7692-7932-8200
45 153 0480 2 32994-33234-33474
45 155 0478 2 33714-33954-34192
45 137 0459 2 28384-28624-28843
45 106 0425 3 20839-20941-21181-21264
45 150 0414 2 31387-31695-31801
45 064 0392 3 12114-12187-12427-12506
45 109 0385 2 21633-21738-22018
45 026 0384 2 4649-4889-5033
45 148 0384 2 30847-31087-31231
45 130 0384 2 26774-27014-27158
45 069 0384 2 13513-13605-13897
45 068 0360 2 13153-13393-13513
45 143 0351 2 29806-30046-30157
45 125 0348 2 25540-25780-25888
45 131 0345 2 27158-27398-27503
45 119 0345 2 24367-24607-24712
45 099 0329 2 19271-19511-19600
45 126 0318 2 25888-25971-26206

46 169 1198 5 32991-33231-33471-33711-33951-34189
46 030 0828 4 4876-5116-5356-5596-5704
46 167 0774 3 31977-32271-32511-32751
46 070 0639 3 13125-13419-13659-13764
46 084 0597 3 16185-16460-16700-16782
46 151 0564 2 28507-28805-29071
46 096 0456 2 19168-19459-19624
46 095 0440 2 18728-18968-19168
46 155 0434 2 29577-29876-30011
46 052 0409 2 9738-9978-10147
46 099 0377 2 19982-20222-20359
46 075 0373 2 14486-14726-14859
46 113 0365 2 22313-22392-22678
46 060 0360 2 11262-11502-11622
46 136 0300 2 26024-26126-26324

47 168 0962 4 32033-32275-32515-32755-32995
47 131 0544 2 23470-23710-24014
47 165 0525 2 31245-31485-31770
47 144 0492 2 27252-27537-27744
47 100 0486 2 17157-17463-17643
47 170 0480 2 33475-33715-33955
47 169 0480 2 32995-33235-33475
47 137 0455 2 25394-25634-25849
47 133 0444 2 24188-24428-24632
47 152 0423 3 28923-29025-29265-29346
47 135 0402 3 24788-24866-25106-25190
47 121 0399 2 21401-21641-21800
47 070 0392 2 11472-11772-11864
47 141 0358 2 26543-26621-26901
47 078 0335 2 13088-13328-13423
47 149 0330 2 28353-28593-28683
47 076 0330 2 12560-12800-12890
47 111 0329 2 19415-19655-19744
47 082 0328 2 13892-14132-14220
47 115 0312 2 20116-20206-20428

48 167 1200 5 32034-32274-32514-32754-32994-33234
48 061 0812 4 11960-12200-12440-12680-12772
48 168 0720 3 33234-33474-33714-33954
48 099 0631 3 19626-19902-20142-20257
48 159 0557 2 30447-30722-31004
48 117 0555 3 23305-23545-23785-23860
48 077 0477 2 16026-16266-16503
48 075 0414 2 15312-15552-15726
48 122 0413 2 24409-24649-24822
48 054 0378 2 10625-10865-11003
48 021 0372 2 3913-3997-4285
48 073 0364 2 14762-15002-15126
48 047 0318 2 9101-9197-9419
48 025 0315 2 4780-4867-5095
48 050 0313 2 9661-9737-9974
48 019 0305 2 3473-3568-3778

49 172 0958 4 33235-33475-33715-33955-34193
49 170 0800 4 31955-32035-32275-32515-32755
49 169 0533 2 31422-31686-31955
49 115 0520 2 21158-21398-21678
49 171 0480 2 32755-32995-33235
49 114 0480 2 20678-20918-21158
49 154 0431 2 28077-28356-28508
49 118 0399 2 22051-22291-22450
49 077 0369 2 14009-14249-14378
49 071 0363 2 12662-12932-13025
49 113 0339 2 20339-20579-20678
49 105 0304 2 18825-18925-19129

50 161 2004 9 30653-30737-30977-31217-31457-31697-31937-32177-32417-32657
50 082 0678 4 14025-14109-14349-14589-14703
50 133 0618 3 24744-24984-25224-25362
50 125 0549 2 22743-22983-23292
50 104 0447 2 19156-19444-19603
50 097 0444 3 17816-17892-18132-18260
50 093 0444 2 16823-17105-17267
50 163 0416 2 32897-33137-33313
50 152 0400 3 28627-28710-28950-29027
50 085 0393 2 15015-15303-15408
50 155 0336 2 29273-29513-29609
50 076 0315 2 12775-12874-13090
50 128 0300 2 23688-23778-23988
